structure(c(0.693851455067993, -0.645093449131986, 1.74468629216098, 
-1.6929041640744, 0.565304877538493, -0.270591325597897, -0.597080374689369, 
0.326644705252961, -0.949652241760001, 0.868914104325496, -2.75295735007077, 
2.53173995039608, -0.87050629301267, 0.333408167616089, 1.07454336661064, 
-0.453565889602261, 2.05336435801046e-13, -1.6017492717327e-13, 
1.38246604420173e-12, 1.99885156589767e-13, 1.4013860870994e-12, 
-4.62154149160781e-13, 5.69144232294179e-13, 1.13404074534791e-12, 
-1.97367287711834e-05, 2.08517728943964e-05, -5.64134636849043e-06, 
2.34386950191133e-05, -5.14660859239516e-05, -9.69925741736295e-07, 
-3.47450015523272e-05, -7.0053221670929e-05, -6.66313909862106e-10, 
8.18444752743424e-10, 3.4798179846087e-09, -2.40701835001593e-09, 
-3.67839445106321e-10, -7.98899545109053e-10, -3.91933588638815e-09, 
2.97683801900737e-09, 0.00228646333057169, -0.000978017693981493, 
-0.0019362754667031, -0.00370018822408138, 0.00388426368810153, 
-0.00259034810441813, 0.00256655161809276, -0.00126372401665642, 
-0.00250191568647327, -0.00478111669518131, 0.00501896575077826, 
-0.00334706123530039, 0.00155265845157267, -0.000897797994562942, 
-0.00177745683094575, -0.00339668861571547, 0.00356566570426977, 
-0.00237788063309793, -0.0365283417777002, 0.017984649828809, 
0.0356059368414404, 0.068042316535193, -0.0714272581207243, 0.0476335999634611, 
-0.645093449154509, 0.60487616637034, -1.49246866459312, 1.49798311993146, 
-0.500678054898636, 0.257413901653024, 0.469930933601368, -0.308521539891518, 
0.86891410435808, -0.800795139978548, 2.37076441287828, -2.22969128956684, 
0.761852667127026, -0.316419784054448, -0.882125045814731, 0.416289805879273, 
-1.60147786887093e-13, 2.48068218876332e-13, 2.67002865788878e-12, 
-2.06167798598244e-12, 1.24015972041992e-12, 9.78145265829219e-13, 
1.01914739116209e-12, 1.50848094789286e-12, 2.08517728963327e-05, 
-2.20321569558825e-05, 5.89034211057484e-06, -2.47021355005536e-05, 
5.43561079315606e-05, 1.02964352394185e-06, 3.67339287931124e-05, 
7.39417473534425e-05, 8.18444810075003e-10, -1.21758720558713e-09, 
-1.05367056839345e-08, 8.3883232284183e-09, -1.05072049207011e-09, 
1.42487972677125e-09, 7.01360409545724e-09, -9.70951138709033e-09, 
-0.00208698576730278, 0.00083778398397773, 0.00152349878410017, 
0.00341117373664475, -0.00360242897141006, 0.00240998993887427, 
-0.00228009780583152, 0.00108252411775078, 0.00196855538986284, 
0.00440767299253597, -0.00465479923064072, 0.00311401540520688, 
-0.00132121950234639, 0.000769066638958184, 0.0013985372264116, 
0.00313137989089476, -0.00330694784565743, 0.0022123159400607, 
0.0323932375532052, -0.0154059089901753, -0.0280154360353601, 
-0.0627276638615447, 0.0662446333878086, -0.044317015334985, 
1.74468629222397, -1.49246866457562, 7.82213401022534, -6.27460754626025, 
2.47287410080589, -0.252415635748814, -3.92080419990232, 0.991324899221731, 
-2.75295735016851, 2.37076441285017, -11.9733252290497, 9.68286198778407, 
-3.92009156190558, 0.334300614167554, 6.0404554939658, -1.62755456828952, 
1.38250416715881e-12, 2.67020996071899e-12, 1.23620409554524e-10, 
-5.70378109186555e-11, 8.07064116824425e-11, 1.61168223955025e-11, 
4.84793901264004e-11, 8.06937260526989e-11, -5.64134636796087e-06, 
5.89034211072967e-06, -3.68573719537386e-06, 8.50647207032216e-06, 
-1.52339668860067e-05, -1.31383060070953e-07, -9.15973974507393e-06, 
-2.20806860070578e-05, 3.47981809118873e-09, -1.05367046298932e-08, 
-2.03517745843938e-07, 1.73855631946012e-07, -4.3548577621671e-08, 
1.59209264058545e-08, 8.57928411449863e-08, -1.94515935371605e-07, 
0.00649196394240337, -0.00466001822213606, -0.0109660057244583, 
-0.00972397396482245, 0.00987232097065931, -0.00804574717697581, 
0.00849174820512474, -0.00602133988127812, -0.0141694827057905, 
-0.0125646187306752, 0.0127563020460038, -0.0103961349595447, 
0.00686407726725403, -0.00427779071910278, -0.0100665437941087, 
-0.00892638689321007, 0.00906256606985655, -0.00738581287917265, 
-0.125649962631957, 0.0856925150101014, 0.201652561288447, 0.178812988537432, 
-0.181540923797803, 0.147952277837463, -1.69290416410377, 1.49798311989253, 
-6.27460754617964, 5.35522009125566, -1.97491120329752, 0.403100746292428, 
2.86072162603259, -0.914172851100024, 2.53173995044296, -2.22969128950939, 
9.68286198766066, -8.163538880715, 3.11742665586116, -0.513332118970773, 
-4.56493307441833, 1.40845278400835, 1.99901700137369e-13, -2.06172957671054e-12, 
-5.70379518265879e-11, 3.07427388729721e-11, -3.51120628932262e-11, 
-1.11884512603193e-11, -2.23191014897718e-11, -3.62479300489112e-11, 
2.34386950185136e-05, -2.47021354995769e-05, 8.50647207057982e-06, 
-2.94180716915443e-05, 6.15703786633215e-05, 1.02957450700955e-06, 
4.05991444445761e-05, 8.49793163905857e-05, -2.40701868755818e-09, 
8.38832331888596e-09, 1.73855632475374e-07, -1.49608462927231e-07, 
3.90781767941177e-08, -1.16033780536488e-08, -7.09597476828041e-08, 
1.65899197535148e-07, -0.00604370022717994, 0.00380650878307822, 
0.00786842701807458, 0.00837370959687451, -0.00867561044219554, 
0.00765350297818766, -0.00732528959599268, 0.00491849646320811, 
0.0101670146228153, 0.010819904375138, -0.0112099989012766, 0.00988930525961694, 
-0.00524772430773045, 0.00349428847023701, 0.00722303700713056, 
0.00768687491999165, -0.00796401302820542, 0.00702574162768666, 
0.106673322095975, -0.0699974325166094, -0.14469155874736, -0.153983139359956, 
0.159534757720188, -0.140739346409182, 0.565304877571276, -0.500678054904736, 
2.47287410084819, -1.97491120335258, 1.79169407547224, 0.614769236811721, 
-1.67163479533478, 1.0299739138116, -0.870506293063284, 0.761852667134968, 
-3.92009156197251, 3.11742665594883, -2.46015269616245, -0.742744282765431, 
2.54632153661449, -1.35000055882811, 1.40140248020371e-12, 1.24015660044165e-12, 
8.07064715661153e-11, -3.51120339703427e-11, 5.4201401896042e-11, 
9.06168939884491e-12, 3.17222818786056e-11, 5.3423184579363e-11, 
-5.14660859239653e-05, 5.43561079323734e-05, -1.52339668864626e-05, 
6.15703786655401e-05, -0.000134340651616385, -2.48978649754369e-06, 
-9.04025493102456e-05, -0.000183196704191038, -3.67839532043299e-10, 
-1.05072048338856e-09, -4.35485780839486e-08, 3.90781770080523e-08, 
-1.3068796838629e-08, 9.32726297380005e-12, 1.39531167279453e-08, 
-4.16925737433049e-08, 0.00126917646890613, -0.00215007162263456, 
-0.000889441733796849, -0.00306523021603534, 0.00356946386710155, 
-0.00603098648087003, 0.00107239469545504, -0.00277816767912742, 
-0.00114927254107658, -0.0039606696938661, 0.00461220409724602, 
-0.00779280631313012, 0.00153079977617709, -0.00197371683850082, 
-0.000816487278068081, -0.002813811608744, 0.00327668662974109, 
-0.00553630839309622, -0.0222987956691567, 0.0395374086563606, 
0.016355837142621, 0.0563661500399061, -0.0656384420456628, 0.110903085546481, 
-0.270591325600495, 0.257413901648754, -0.252415635745756, 0.403100746302709, 
0.614769236812507, 0.725157550720533, -0.436377598962215, 0.306019321991006, 
0.333408167618951, -0.316419784049073, 0.334300614162314, -0.513332118982381, 
-0.742744282767039, -0.875910984076575, 0.524054560236908, -0.385401669301284, 
-4.62107375414769e-13, 9.78151041854402e-13, 1.61164990019692e-11, 
-1.11882838564167e-11, 9.06146587940899e-12, 5.5630913887935e-12, 
6.28695436463755e-12, 9.85735419803549e-12, -9.69925741158181e-07, 
1.02964352362146e-06, -1.31383059730094e-07, 1.02957450703076e-06, 
-2.48978649759664e-06, -6.12993943716492e-08, -1.76867977485773e-06, 
-3.29390130675338e-06, -7.988991922959e-10, 1.42487976163764e-09, 
1.59209270086748e-08, -1.16033778671515e-08, 9.32668104795321e-12, 
-7.20910607372828e-09, -1.13738390047682e-08, 1.92099961629346e-08, 
-0.00164890396622117, -0.000492953726689695, 0.00127007528200645, 
0.0017665400571689, -0.00176436838132169, -0.00118038032455196, 
-0.00124664792854439, -0.000636959297733749, 0.0016410997947023, 
0.00228259581641212, -0.00227978973326357, -0.00152520243157949, 
